01 1010 2 999,61 601 0,05 01 1530 258 365,15 201 258 365,15
01 1538 0,08 02 1530 110 296,07 201 110 296,07
02 1532 10 957,75 206 10 957,75 03 1010 1 208,18
03 1530 58 570,20 201 58 570,20 03 1532 57 604,41 206 57 604,41
03 1538 0,47 04 1530 567 801,20 201 567 801,20
04 1532 1 203,19 206 1 203,19 04 1538 0,60
05 1530 118 516,80 201 118 516,80 05 1532 254,04 206 254,04
05 1535 2 906,70 207 2 906,70 05 1538 0,26
06 1010 16 076,34 06 1530 447 806,35 201 447 806,35
06 1532 3 027,30 206 3 027,30 06 1535 3 123,76 207 3 123,76
06 1538 0,21 07 1010 2 838,10 601 15,43
07 1530 391 321,60 201 391 321,60 07 1532 85,43 206 85,43
07 1538 0,40 08 1530 1 089 494,70 201 1 089 494,70
08 1532 30,07 206 30,07 08 1535 3 035,87 207 2 599,23
08 1538 0,89 09 1010 1 846,35
09 1530 1 499 917,50 201 1 499 917,50 09 1532 7 739,77 205 2 084,35
09 1532 0 206 5 655,42 09 1535 13 778,96 207 11 188,13
09 1538 0,59 10 1010 944,40 601 0,81
10 1530 1 704 378,00 201 1 704 378,00 10 1532 9 990,81 206 8 615,84
10 1532 0 205 1 374,97 10 1535 9 937,10 207 9 833,66
10 1538 0,65 11 1530 2 555 089,60 201 2 555 089,60
11 1532 3 255,52 206 3 255,52 11 1535 15 373,39 207 15 373,39
11 1538 0,58 12 1010 3 363,65
12 1530 3 466 887,60 201 3 466 887,60 12 1535 8 300,23 207 8 300,23
